code,name,date,open,close,high,low,change,pct_change,volume,change_5,change_10,change_20,change_60,rps5,rps10,rps20,rps60,volume_5d_avg
sh880914,军贸概念,2025-06-30,1144.76,1216.5,1216.67,1143.39,6.266815751773298,6.627282209503105,15765706.0,16.733197712355576,16.690647482014388,22.721357450543245,,100.0,100.0,100.0,,13072259.0
sh880528,军工信息化,2025-06-30,1392.1100000000001,1429.73,1429.75,1392.1100000000001,2.7023726573331053,2.8294219607448268,32915952.0,8.17029067744035,8.32026426044199,10.47210632050688,12.81701254635841,99.63,94.8,89.22,92.88,32996895.8
sh880950,军民融合,2025-06-30,1395.3700000000001,1438.82,1438.84,1395.3700000000001,3.1138694396468187,3.431865888374497,67515624.0,8.025196519336596,8.803690260133079,10.541560067915867,15.89927825750741,99.26,97.4,89.59,96.63,63076564.8
sh880507,国防军工,2025-06-30,1677.64,1720.97,1721.26,1677.64,2.5827948785198207,3.0286521629808716,145977707.0,6.234683358333792,6.642830143081113,7.871429556409404,8.29704490535641,98.88,84.76,68.77,67.79,140769288.4
sh880548,商业航天,2025-06-30,1517.74,1553.3400000000001,1553.44,1517.74,2.345592789278805,2.696091394721556,67118222.0,5.84940374787053,6.455857559932565,8.119357690246343,12.653114506806308,98.51,84.39,71.38,92.13,67764377.4
sh880616,大飞机,2025-06-30,1257.16,1290.56,1290.74,1257.16,2.6567819529733576,2.9844552970091476,39095073.0,5.7697351167059985,5.654569419315747,7.485758070426751,12.085182515350734,98.14,77.32,65.06,90.26,35954645.8
sh880643,Web3概念,2025-06-30,1669.29,1694.3700000000001,1699.06,1665.46,1.5024351670470772,1.8722606013600096,28322878.0,5.756675446590176,6.812035478563461,12.64185186908744,15.754631906869987,97.77,86.99,95.54,95.88,30077850.0
sh880613,电子身份证,2025-06-30,1489.24,1521.15,1529.98,1489.24,2.1427036609277272,2.3909048686415746,16976494.0,5.697807733731719,9.832703957486455,18.516700558633104,23.329820009729207,97.4,98.51,99.26,99.63,18756031.0
sh880546,卫星导航,2025-06-30,2725.2000000000003,2781.2000000000003,2781.2400000000002,2725.2000000000003,2.0548950535740493,2.343689627637069,50618601.0,5.62775823958801,7.3586121973156615,8.784254210637489,11.000247447696765,97.03,92.19,79.55,84.64,49850952.6
sh880939,无人机,2025-06-30,789.0600000000001,806.5,806.5,789.0600000000001,2.210224824474684,2.468649548324797,104342583.0,5.615358424347194,7.243062111883836,9.153166321545058,11.335054321567117,96.65,91.08,82.53,85.02,100117879.2
sh880765,海洋经济,2025-06-30,1015.5,1033.88,1034.03,1015.5,1.809945839487948,1.9937454990282877,21967512.0,5.560433726082792,4.307996529389224,6.865400119901599,10.770879091444808,96.28,53.9,56.51,83.52,23236591.2
sh880656,CPO概念,2025-06-30,2421.81,2458.69,2458.88,2421.81,1.5228279675119067,2.0410788915588673,29166521.0,5.519100120596199,8.594585044830172,16.118352696703496,13.575849963045084,95.91,96.65,98.14,93.63,26783110.8
sh880967,数字货币,2025-06-30,2086.7400000000002,2115.64,2125.43,2083.05,1.3849353537095965,1.8079275481576618,62577664.0,5.506627701698563,8.743073902361287,17.596967305148237,26.888659645419,95.54,97.03,98.88,100.0,71213872.0
sh880682,华为海思,2025-06-30,1323.15,1337.43,1337.95,1322.28,1.0792427162453215,1.8435601041714378,18430918.0,5.1438679245283,8.56732338114603,11.708498642722919,9.329682007684138,95.17,96.28,93.68,75.28,16676687.6
sh880637,EDA概念,2025-06-30,1162.08,1174.76,1183.0,1162.08,1.0911469089907806,2.8425356082956155,3668966.0,5.056250111784788,6.419059697436347,2.8686514886164582,9.353241240644895,94.8,84.01,23.42,76.03,3332947.8
sh880733,人脑工程,2025-06-30,1485.56,1513.4,1517.47,1480.04,1.87404076577184,3.9173275654890594,18391680.0,5.007528291806307,1.8322264613065853,7.792022792022801,9.935930031526485,94.42,26.39,68.03,80.15,16803721.4
sh880754,培育钻石,2025-06-30,1083.94,1107.58,1107.67,1083.73,2.1809325239404274,2.560351133869765,4761344.0,4.896389741258456,5.102437820859551,7.394407167513473,20.167082564825844,94.05,67.66,63.2,98.13,4261378.4
sh880523,铜缆高速连接,2025-06-30,1439.68,1441.57,1444.8500000000001,1425.76,0.13127917314957996,1.018899392444439,13106008.0,4.851367765679648,7.793829542225605,14.145789123618279,10.159557396341178,93.68,93.68,97.03,81.65,11524664.0
sh880592,互联金融,2025-06-30,3118.86,3140.67,3145.9,3111.2400000000002,0.6992939727977513,0.8755673040171441,89767783.0,4.76617775094319,4.974881594208225,10.585024911533235,14.319670072471947,93.31,66.17,90.33,94.38,98403700.8
sh880916,国产软件,2025-06-30,2291.28,2318.35,2319.46,2287.98,1.1814357040605996,1.514607489403419,73106516.0,4.6366254141053,5.703864128576308,8.358416841160633,8.658055323815873,92.94,78.81,73.23,72.28,80216891.0
sh880673,混合现实,2025-06-30,1244.54,1266.54,1266.96,1244.54,1.7677214071062402,1.9036431513903107,16156340.0,4.613935969868166,7.017380797471873,10.584907143044253,3.8735022266691788,92.57,88.1,89.96,19.85,15119643.6
sh880943,量子科技,2025-06-30,1583.1200000000001,1605.73,1608.24,1583.1200000000001,1.428192430137949,1.774701628288744,23974334.0,4.611906654331754,5.67558851983232,10.153527426391907,7.696280298863845,92.19,78.07,86.99,57.68,25624879.8
sh880672,存储芯片,2025-06-30,1391.26,1400.8600000000001,1402.82,1391.25,0.690021994451083,1.6449110790239363,26284278.0,4.60580355142699,9.898955031851141,12.154037068171819,7.4196764051836395,91.82,98.88,94.8,53.18,25896844.4
sh880644,DRG-DIP,2025-06-30,1190.3500000000001,1193.02,1193.9,1180.22,0.22430377620026423,0.02515259239386225,6766645.0,4.596743790494395,5.844881736075358,6.120742565890702,3.078478300313625,91.45,80.3,47.21,13.48,7198854.6
sh880762,信创,2025-06-30,1474.25,1489.99,1492.49,1472.82,1.067661522808208,1.4716898895381192,76573378.0,4.481515763491539,5.7307891543608935,9.293693931591962,8.498631014796686,91.08,79.18,83.64,70.79,87345562.8
sh880661,6G概念,2025-06-30,1422.14,1443.08,1443.23,1422.14,1.4724288747943117,1.9210667570698003,24748850.0,4.409104721663493,7.2698620361560495,9.014542020774318,7.092340687638687,90.71,91.45,81.04,51.31,24098773.6
sh880660,工业软件,2025-06-30,1181.75,1202.95,1202.95,1181.75,1.7939496509414041,2.054753845240209,5383750.0,4.405523394579025,3.706162281457992,4.484417885557468,4.535263651847488,90.33,47.21,35.32,26.22,5541035.2
sh880674,英伟达概念,2025-06-30,1302.05,1318.16,1318.17,1302.05,1.2372796743596735,1.7177251331121246,21498205.0,4.395482552706187,7.365625992685687,11.340484838246478,4.603420227750665,89.96,92.57,92.94,26.97,24068348.6
sh880670,光通信,2025-06-30,1340.81,1355.93,1356.09,1340.81,1.127676553724996,1.5845307840992584,26094545.0,4.347257280059114,6.739246803954924,12.742375361692226,12.068666264432881,89.59,85.5,95.91,89.89,24489362.4
sh880654,ChatGPT概念,2025-06-30,1709.03,1732.3600000000001,1734.05,1708.45,1.3651018413954206,1.5987332121283115,44968731.0,4.274234809040833,4.400544794918471,6.787486515641872,3.9438867655088528,89.22,56.13,55.02,20.22,46172713.8
sh880555,财税数字化,2025-06-30,1718.47,1736.02,1740.6200000000001,1717.94,1.0212572811861687,1.2528141658987302,17620558.0,4.270475458280276,5.657736175185324,7.801215854544541,6.259831675592964,88.85,77.7,68.4,43.07,21983809.6
sh880506,5G概念,2025-06-30,2405.31,2434.64,2434.64,2405.31,1.219385443040603,1.6249879993822214,123435650.0,4.230187984570799,7.0853950869784965,10.392984588039521,8.464125810259947,88.48,89.22,88.48,70.04,124064207.4
sh880646,复合铜箔,2025-06-30,1012.89,1023.14,1023.14,1004.26,1.0119558885959976,1.4838620087682663,23107809.0,4.229742670279735,13.982375811860127,19.199850874944644,15.287277316416326,88.1,99.63,99.63,95.51,22360764.2
sh880667,数据要素,2025-06-30,1062.55,1073.84,1074.64,1061.84,1.062538233494891,1.3075718409781167,90098552.0,4.18146186235131,4.890746945114621,7.499023955632511,7.152550490939569,87.73,63.94,65.8,52.06,105220687.0
sh880615,家庭医生,2025-06-30,1094.92,1105.5,1105.63,1089.06,0.9662806415080487,1.1806699615595662,8350686.0,4.16077788456104,4.187282648647117,4.3692528464341684,5.339889085815552,87.36,51.67,34.2,33.71,8558264.2
sh880601,智慧政务,2025-06-30,1386.89,1400.28,1403.07,1386.81,0.9654695037097298,1.2004307385431456,60212419.0,4.156501041356719,5.380875690483,9.222801160650217,8.030458497596804,86.99,75.09,83.27,63.3,63825115.4
sh880732,AI智能体,2025-06-30,1176.28,1190.26,1192.43,1176.08,1.1884925357907998,1.4714407502131266,76710570.0,4.1493122396836,4.843781655465218,7.313774636204617,5.557871212054044,86.62,63.2,62.83,35.58,79559526.8
sh880609,跨境支付CIPS,2025-06-30,1696.97,1716.78,1720.45,1694.05,1.1673747915402126,1.4309684737911832,50573384.0,4.094588449295133,7.061207944872305,12.365007265063532,21.413871385229033,86.25,88.85,95.17,99.25,60537116.0
sh880954,大数据,2025-06-30,1547.94,1564.78,1566.3400000000001,1547.72,1.087897463725979,1.3721171287898404,99115057.0,4.072362076419145,5.171961850480233,7.5982616827571015,6.124912680488581,85.87,70.26,66.17,41.2,106378450.4
sh880901,信息安全,2025-06-30,2108.65,2131.07,2135.41,2108.65,1.0632395134327683,1.2731195468283607,57415193.0,4.070888944235285,5.293141101020793,8.695341708363301,6.11999980081368,85.5,73.98,78.07,40.82,62043548.0
sh880522,低空经济,2025-06-30,1545.96,1572.92,1572.92,1545.8600000000001,1.7439002302776292,1.9536161993285006,93390218.0,4.070398306206169,5.510575071942703,6.802286893816967,8.112640818206195,85.13,76.21,55.76,64.42,97155803.2
sh880946,区块链,2025-06-30,1027.33,1039.29,1041.57,1026.45,1.1641828818393347,1.0726858965631303,132806379.0,4.036157241959204,5.231769303983302,9.52114991464159,9.568490190083612,84.76,72.86,85.13,78.28,141630537.0
sh880722,华为鸿蒙,2025-06-30,1412.3,1428.3500000000001,1431.3700000000001,1412.3,1.1364440982794153,1.4726985976328821,70301398.0,4.0207116535823095,4.960906498927153,8.538883569659127,8.70574446710708,84.39,65.06,77.32,72.66,75032419.4
sh880657,数字水印,2025-06-30,1076.6200000000001,1088.09,1090.59,1074.81,1.0653712544815996,1.203552992605661,8591180.0,4.012962307979073,5.142674925352919,8.48679422116314,7.753020400079214,84.01,68.4,75.84,59.18,9165161.8
sh880659,毫米波雷达,2025-06-30,1469.67,1494.53,1494.76,1469.67,1.691536195200276,2.0038630329586304,28914239.0,3.9738140127034027,6.759005936095885,8.084672461923414,7.00283521392977,83.64,86.25,70.26,50.56,28550294.8
sh880607,东数西算,2025-06-30,1453.76,1468.17,1469.04,1453.76,0.9912227602905626,1.318785971595382,86898896.0,3.9589027516179875,4.959250786388347,7.189165510695772,3.527860436910313,83.27,64.68,60.97,17.23,89211213.6
sh880560,高端装备,2025-06-30,2078.62,2117.36,2117.4,2078.62,1.863736517497197,2.1946145789593308,92621768.0,3.958286281017709,4.816688613209519,7.039006733666309,7.746013006706898,82.9,62.83,58.36,58.8,86534521.8
sh880740,新型烟草,2025-06-30,1161.55,1173.02,1173.02,1158.47,0.9874736343678729,1.792842514491988,13660961.0,3.9542715349166757,7.15642927613549,10.174792662652976,6.9619849179789695,82.53,89.59,87.36,50.19,13707381.8
sh880701,Sora概念,2025-06-30,1695.31,1714.67,1720.65,1688.95,1.1419740342474314,1.6239250386719473,14541337.0,3.938291810632233,3.0500264435790125,8.522044024759179,6.624423246732247,82.16,38.29,76.58,46.44,12744796.0
sh880739,边缘计算,2025-06-30,1631.8400000000001,1653.07,1653.7,1631.8400000000001,1.3009853907245679,1.5904719178460924,39728862.0,3.930062367971021,5.142410095279271,7.054412164700086,2.4270400892248523,81.78,68.03,59.11,9.74,42478619.6
sh880952,芯片,2025-06-30,1978.18,2003.31,2003.3600000000001,1978.18,1.270359623492295,1.8226638542275575,148384317.0,3.9266037912036422,7.193078207268511,9.081850456297769,7.005277326724202,81.41,90.33,81.78,50.94,153679176.4
sh880949,智慧城市,2025-06-30,1022.91,1034.19,1034.35,1022.59,1.102736311112423,1.3862065585020344,87311741.0,3.9063206438195053,4.813013073882644,7.045708607626389,7.48069548227519,81.04,62.45,58.74,55.43,91731431.4
sh880749,云游戏,2025-06-30,1433.28,1471.08,1478.97,1433.28,2.6373074346952414,2.9958901903675006,17479246.0,3.894232806474851,4.321556724864184,7.213759930034236,9.205906151870359,80.67,54.28,61.71,74.91,14243276.8
sh880645,AIGC概念,2025-06-30,1780.96,1805.99,1807.65,1780.96,1.4054217949869718,1.6995061408596746,79328656.0,3.885667610041188,3.8122172595951964,7.414368386931769,6.950012732214872,80.3,48.7,63.94,49.81,82748664.0
sh880669,算力租赁,2025-06-30,1189.71,1198.25,1199.52,1189.71,0.7178219902329108,1.0882861602058425,63314812.0,3.8560879212314436,4.689970906104479,7.084130189994453,3.2991948137036875,79.93,60.97,59.48,14.98,66388268.6
sh880921,阿里概念,2025-06-30,1592.43,1612.07,1612.07,1592.29,1.23333521724659,1.4793178770844184,88936915.0,3.846401607874439,4.396508179098291,8.07946043069001,7.550921014884326,79.55,55.76,69.89,55.81,91214847.0
sh880647,数据确权,2025-06-30,1557.3600000000001,1574.02,1577.5900000000001,1551.21,1.0697590794678078,1.3358913775454395,24077639.0,3.842246236261193,5.964642996593539,10.727953176881089,9.56564109703466,79.18,81.78,91.45,77.9,26054145.6
sh880662,时空大数据,2025-06-30,1272.25,1286.21,1287.56,1270.55,1.0972686185891165,1.3681680261654172,13162483.0,3.842179199431617,4.649895041739227,6.579328974735055,7.593920179349678,78.81,59.85,52.04,56.18,15464966.8
sh880621,NFT概念,2025-06-30,1252.3,1277.06,1279.05,1251.53,1.9771620218797408,2.451664661050934,34272074.0,3.8226399141491285,2.327705707486305,8.354898650081877,17.567020179702464,78.44,31.23,72.86,97.38,32701645.0
sh880908,职业教育,2025-06-30,910.28,919.61,919.62,910.0500000000001,1.0249593531660635,1.2362667606067967,30242779.0,3.806341645125255,2.659105370678394,4.180308368546859,6.129255626081931,78.07,35.69,33.09,41.95,31746557.4
sh880635,先进封装,2025-06-30,1254.23,1272.7,1272.82,1254.23,1.4726166652049486,1.960375892263455,33671041.0,3.790510675082781,9.261516800879122,11.295724642116966,6.059217160142993,77.7,98.14,92.57,40.07,30422153.4
sh880579,智谱AI,2025-06-30,1268.92,1283.9,1287.1200000000001,1268.92,1.1805314755855385,1.4066930470977734,20578393.0,3.7729748953298614,4.045446441595502,7.441128721819612,3.9923538607333553,77.32,50.93,64.68,20.97,21345440.0
sh880948,人工智能,2025-06-30,1628.82,1651.3,1651.3,1628.82,1.3801402242113934,1.6779040054185623,216176018.0,3.7528980817683077,4.2493955138605655,6.5966910032212,6.771069068525404,76.95,53.16,52.42,47.57,224202828.4
sh880799,数据中心,2025-06-30,1473.07,1486.83,1486.83,1473.07,0.9341036067532427,1.2571763247682721,131870559.0,3.7340142746509875,5.16699910877223,8.412993546975823,5.318222064813161,76.58,69.89,74.35,33.33,141071277.2
sh880956,腾讯概念,2025-06-30,943.0600000000001,954.29,955.46,942.25,1.1908044026891083,1.4403554648468209,98112343.0,3.7249190234994956,4.524743148809396,8.370619364509736,7.685797467783062,76.21,58.74,73.98,57.3,103259505.8
sh880689,华为算力,2025-06-30,1268.14,1281.09,1282.24,1267.32,1.0211806267446668,1.3191923505824654,25091720.0,3.7109896782027807,4.51393421224382,7.418121446898418,2.8748323683639887,75.84,58.36,64.31,12.36,27933336.8
sh880726,MCU芯片,2025-06-30,1074.34,1080.15,1082.17,1074.34,0.5407971405700405,1.037359923671266,10552259.0,3.703028091937255,5.861771566340646,6.7542325140095505,3.2895051398518005,75.46,81.04,54.28,14.23,12039062.4
sh880608,第三代半导体,2025-06-30,1020.59,1036.83,1036.94,1020.59,1.5912364416660847,2.0381451009723106,28249759.0,3.6809263814723714,7.332298136645954,8.449348883426588,5.041182489590401,75.09,91.82,75.09,29.96,27058491.8
sh880505,稀缺资源,2025-06-30,821.28,821.69,822.79,814.95,0.04992207286188411,0.18288445360221672,25982377.0,3.634896010695332,2.542055608246385,7.6468584604098,6.858703426750767,74.72,34.2,66.91,48.31,24569718.6
sh880541,AI手机PC,2025-06-30,1303.71,1316.47,1316.47,1301.07,0.9787452731052144,1.5183762858773209,13528988.0,3.634574509958277,7.192176787662641,11.864824445124245,2.5439901543063304,74.35,89.96,94.05,10.86,14326868.6
sh880693,多模态AI,2025-06-30,1148.31,1163.73,1164.13,1148.31,1.3428429605246035,1.73443250662213,34067421.0,3.6176653904371747,3.2645926136262826,5.704268209604613,4.084753948804187,73.98,43.12,42.75,22.47,33133687.0
sh880738,数字孪生,2025-06-30,1517.51,1537.33,1537.38,1516.54,1.3060869450613133,1.659128180712055,34079372.0,3.6090255967865748,5.208661255663061,6.084214303458535,5.561926211778934,73.61,71.75,46.84,35.96,37324412.0
sh880962,百度概念,2025-06-30,1778.49,1797.39,1798.24,1778.49,1.0626992561105257,1.324772111010275,74443530.0,3.6061170258757436,4.610719544631792,7.130340453938588,5.226213614968511,73.23,59.48,60.59,31.84,81406640.4
sh880545,云计算,2025-06-30,2908.4500000000003,2932.7400000000002,2936.55,2908.2000000000003,0.8351527445890409,1.2340394685518508,73143761.0,3.5597631297383803,4.197769479746616,6.674183868327743,1.1963134085788196,72.86,52.04,53.53,3.37,77664714.6
sh880794,远程办公,2025-06-30,1049.25,1056.89,1059.99,1046.52,0.7281391470097784,0.9609965323882808,9593594.0,3.5516930553378456,4.260629377527869,3.926408118313418,-1.882711178365526,72.49,53.53,30.11,0.75,9586715.4
sh880683,星闪概念,2025-06-30,1291.1000000000001,1304.5,1304.5,1291.1000000000001,1.037874680504985,1.6068605076837938,11507446.0,3.533389418879662,5.166839996452777,6.787056213623233,2.1270932335418546,72.12,69.52,54.65,6.37,12374476.0
sh880748,元宇宙概念,2025-06-30,1760.91,1785.1200000000001,1786.78,1760.91,1.3748573180912163,1.647894862713395,64521699.0,3.5290296763268003,3.9825251201398126,7.206043972542675,8.18384563172696,71.75,50.19,61.34,66.29,63474609.8
sh880550,PCB概念,2025-06-30,1642.07,1669.28,1669.39,1642.07,1.6570548149591697,2.123494252310998,39429088.0,3.528302705921016,11.591838917560215,16.696960375828418,13.073400709892425,71.38,99.26,98.51,93.26,38283152.8
sh880611,核污染防治,2025-06-30,1109.77,1130.76,1130.91,1109.14,1.891382899159286,2.4109261506692903,17770424.0,3.521958454256646,1.5993387004025195,8.946912033914622,10.360039429636636,71.0,24.16,80.67,82.4,19254571.6
sh880537,核电核能,2025-06-30,1425.33,1447.29,1447.33,1425.33,1.5406958388583722,1.68409071747746,75167097.0,3.5161251099683044,3.1678369034465526,5.272766947919694,8.44860401336791,70.63,41.26,40.52,69.66,73016096.6
sh880974,烟草概念,2025-06-30,1886.5900000000001,1914.88,1914.88,1879.5,1.499530899665532,1.621265914144554,5137744.0,3.5154201692028986,3.05192743398075,8.744392072235785,14.341673135486953,70.26,38.66,79.18,94.76,5395476.2
sh880569,3D打印,2025-06-30,2898.25,2945.15,2945.59,2898.25,1.6182178901061015,1.8836268031964476,18994830.0,3.504930730788436,4.513548808357815,9.075589792970629,9.8035194989188,69.89,57.99,81.41,79.78,17471926.2
sh880684,BC电池,2025-06-30,806.12,822.3000000000001,822.9200000000001,806.12,2.0071453381630606,2.956090598354799,10388178.0,3.5016614641023125,8.140452393477137,10.704236729089,-0.1639045711163578,69.52,94.05,91.08,2.25,9366024.2
sh880758,汽车芯片,2025-06-30,829.53,837.02,838.36,829.53,0.902920931129677,1.4372970090649195,17167848.0,3.4814430185693412,6.926417986714339,7.1111395482756246,5.24846594909969,69.14,87.36,59.85,32.21,18486039.2
sh880688,新型工业化,2025-06-30,1317.63,1336.19,1336.2,1317.63,1.4085896647769058,1.7181528904858245,40807127.0,3.4755403427527254,4.981183070262962,5.239985507931255,2.1848855171991755,68.77,66.54,40.15,7.12,42133162.6
sh880964,特高压,2025-06-30,2306.7400000000002,2328.09,2328.2200000000003,2305.59,0.9255486097262764,1.2763458401305217,30849362.0,3.4550334616102463,4.074762845673119,5.706956047947687,7.972395753620964,68.4,51.3,43.12,62.92,26135815.4
sh880716,光刻机,2025-06-30,2483.7200000000003,2539.3,2539.86,2483.7200000000003,2.237772373697515,3.451506978790686,20093083.0,3.451085517336905,8.277864717696382,8.102700332486146,9.05350677907142,68.03,94.42,71.0,74.16,16318924.4
sh880591,上海自贸,2025-06-30,2247.77,2263.19,2264.33,2243.01,0.6860132486864792,1.1626243753296572,28242374.0,3.4435633155837975,3.405752404450224,2.851234974664263,5.221094523662306,67.66,45.35,23.05,31.46,26664519.6
sh880922,钛金属,2025-06-30,1395.3600000000001,1407.56,1408.52,1390.81,0.8743263387226105,1.1752359456875583,5102898.0,3.4422952554529873,3.3951841567867014,4.124100280364851,3.333700400102768,67.29,44.98,31.97,15.73,5267492.2
sh880685,液冷服务器,2025-06-30,1465.39,1479.3700000000001,1479.38,1465.39,0.9540122424747008,1.341288815514563,19222258.0,3.440873748391793,6.6535455777605,8.148987499086191,2.256829241318292,66.91,85.13,71.75,7.87,21255642.4
sh880533,物联网,2025-06-30,2027.92,2052.7200000000003,2052.7200000000003,2027.92,1.2229279261509418,1.3979312593236592,136717285.0,3.4407691842535115,5.332512315270943,7.49194878642685,6.479372967253005,66.54,74.35,65.43,45.69,133637895.2
sh880966,消费电子概念,2025-06-30,1778.43,1799.25,1799.25,1778.43,1.1706955010880347,1.6841391392805605,84379506.0,3.4111155813552507,6.983589011773095,10.878648195622166,6.91429624039599,66.17,87.73,91.82,49.44,87974234.6
sh880720,抖音概念,2025-06-30,1060.82,1074.22,1074.54,1060.74,1.2631737712335827,1.3969908062902325,69368414.0,3.400745025941143,3.4624904889864805,6.932250293655051,8.12481127327629,65.8,45.72,57.25,64.79,70569231.4
sh880713,ETC概念,2025-06-30,1986.3400000000001,2011.6200000000001,2011.78,1986.3400000000001,1.2726924897046816,1.5354330708661434,15477580.0,3.3911720564955505,6.0902675962745345,9.434229137199445,12.029271226651517,65.43,82.9,84.39,89.51,16073257.6
sh880664,机器视觉,2025-06-30,1333.02,1353.13,1353.16,1333.02,1.5086045220626942,1.7834845270870092,38393040.0,3.389441995155762,5.616740947727461,7.249122195185742,6.166979200175771,65.06,76.95,62.45,42.7,39554495.2
sh880942,虚拟现实,2025-06-30,994.14,1007.9300000000001,1008.16,994.14,1.3871285734403682,1.6427332499697522,83231546.0,3.386979310910765,4.681933842239183,8.49740040258775,6.8911395089877425,64.68,60.22,76.21,48.69,83667402.8
sh880725,MiniLED,2025-06-30,862.49,874.75,874.99,862.49,1.4214657561247077,1.7944212351483024,27230000.0,3.3726852672504526,8.352326215131534,11.969433208745063,7.197127521384283,64.31,95.54,94.42,52.43,29574874.6
sh880957,工业互联,2025-06-30,1877.31,1899.13,1899.13,1877.31,1.1623013780356022,1.504559108061021,90182760.0,3.3708904855214383,5.186986286195361,6.87823243720842,5.814083063105224,63.94,71.0,56.88,37.08,94744060.0
sh880736,工业母机,2025-06-30,1331.51,1352.94,1352.95,1331.51,1.6094509241387647,2.0801738382489443,17433616.0,3.3378143044819897,5.184839650145778,5.8448010139020345,3.6584711804411585,63.57,70.63,44.98,18.73,17076237.6
sh880580,智能交通,2025-06-30,3960.6600000000003,4007.26,4007.54,3958.83,1.1765715815040905,1.454243484513218,45075317.0,3.3304968928083323,4.922419526295663,6.443010067203225,6.90445384092091,63.2,64.31,50.93,49.06,49273171.6
sh880731,新材料,2025-06-30,1210.58,1228.3600000000001,1228.4,1209.84,1.468717474268549,1.741860137659157,91795619.0,3.3294638200508153,4.773114977823267,7.607400658770769,10.917874396135275,62.83,62.08,66.54,84.27,87961375.8
sh880747,AI医疗概念,2025-06-30,1115.28,1135.1000000000001,1135.22,1110.75,1.7771321999856686,1.691422837791845,18596836.0,3.3214698573652113,2.518018099384056,2.449546915051104,3.0372898587560426,62.45,33.46,17.84,13.11,17628423.0
sh880959,知识产权,2025-06-30,1048.92,1063.13,1065.47,1046.71,1.3547267665789609,1.6230942025522221,15217605.0,3.290713716650817,4.478359998427606,8.838042588042594,8.319069160859115,62.08,57.62,79.93,68.54,15357105.2
sh880791,网红经济,2025-06-30,1046.05,1058.1200000000001,1058.3,1042.91,1.1538645380240107,1.3097928076289733,31901637.0,3.2876498379602603,0.30714394054300875,2.4030039969418215,9.727061556329852,61.71,10.78,17.1,79.4,28410389.6
sh880584,石墨烯,2025-06-30,1770.3700000000001,1787.6000000000001,1787.6100000000001,1767.02,0.9732428814315661,1.3453372414066855,33158784.0,3.2823161677615564,5.292918821492099,8.155202352357517,9.362764291307757,61.34,73.61,72.12,76.4,30038508.0
sh880589,智能穿戴,2025-06-30,2465.41,2491.27,2491.27,2465.41,1.0489127569045364,1.620613981415775,56084875.0,3.2732111544536258,5.9537783675274625,9.324726388681647,4.877473783473185,60.97,81.41,84.01,29.21,60475856.6
sh880571,碳纤维,2025-06-30,2025.2,2053.86,2054.1,2025.2,1.415168872210156,1.7391950464396455,9787575.0,3.266127004877073,4.444003722406142,6.23981626604182,8.968495665368593,60.59,56.51,47.96,73.78,12224355.2
sh880561,折叠屏,2025-06-30,1640.21,1659.06,1659.48,1638.99,1.1492430847269501,1.5436028007638214,34632781.0,3.255640267620974,6.742071840799868,10.430256396602665,7.594230719344197,60.22,85.87,88.85,56.55,36075102.2
sh880582,风电,2025-06-30,2500.91,2532.93,2533.19,2500.91,1.2803339584391276,1.4348644427535806,87563184.0,3.2470946940206247,3.3811002861119155,5.878000760770963,7.423586342026134,59.85,44.61,45.72,53.56,88286512.6
sh880577,安防服务,2025-06-30,4738.150000000001,4792.86,4792.86,4738.150000000001,1.1546700716524196,1.5595665422121208,28800264.0,3.240996036532806,4.582063204934905,6.843250376737675,4.034069819687813,59.48,59.11,56.13,21.72,31251639.8
sh880978,DeepSeek概念,2025-06-30,1468.79,1485.27,1485.79,1468.71,1.122011996269039,1.397460404150741,198615380.0,3.222600597678782,3.6598898683025904,5.517902813299225,4.513309830909207,59.11,46.84,41.26,25.84,206065137.0
sh880930,汽车电子,2025-06-30,2154.65,2178.41,2178.41,2154.65,1.1027313020676102,1.5041027337579616,76669165.0,3.2015842109501813,7.019827857255145,8.72750867210701,5.397075757429137,58.74,88.48,78.44,34.08,77819389.6
sh880945,OLED概念,2025-06-30,1639.78,1660.3600000000001,1660.65,1639.78,1.2550464086645865,1.7838971102092982,47060917.0,3.1920447482908676,7.615726637543263,9.474766922052403,5.125331611171258,58.36,92.94,84.76,31.09,47146379.6
sh880961,小米概念,2025-06-30,2000.27,2017.76,2017.76,1999.64,0.8743819584356117,1.2382844642462754,87831998.0,3.1891173161501474,6.061689199133746,8.61719994832264,4.464336562207172,57.99,82.53,77.7,25.47,89818302.4
sh880798,超级电容,2025-06-30,1804.68,1821.07,1821.22,1799.38,0.9081942505042375,1.1059600810593206,7828596.0,3.187878581830339,4.769986652552105,8.02023892849939,8.351877194026303,57.62,61.71,69.52,68.91,8500201.2
sh880904,机器人概念,2025-06-30,4259.82,4316.61,4316.61,4259.13,1.3331549220389587,1.66896308072777,197061726.0,3.1588531771352235,5.08197719001422,6.605336922563976,5.827018360207203,57.25,67.29,52.79,37.45,201798790.2
sh880666,可控核聚变,2025-06-30,1516.75,1540.8500000000001,1541.2,1514.74,1.5889236855117939,1.9937381266010634,27105640.0,3.1579722564404777,-0.19561232487190772,2.457626555133685,12.4502827951104,56.88,7.81,18.22,91.01,24865394.6
sh880624,新型城镇,2025-06-30,1015.74,1023.34,1023.34,1013.95,0.7482229704451949,1.1255496813083576,34760895.0,3.147836429428197,2.913402455826297,4.040260268401785,9.538336383973967,56.51,37.17,31.6,77.53,38267559.4
sh880944,无人驾驶,2025-06-30,2418.01,2450.86,2450.9,2417.8,1.3585551755369045,1.5576375623117311,82993035.0,3.114652709701593,5.796932533875521,5.728016289342919,7.6813574513517,56.13,79.93,43.49,56.93,84204760.2
sh880516,ST板块,2025-06-30,1021.35,1035.72,1035.73,1021.35,1.4069613746511973,1.9028316180955906,26888206.0,3.1090404085655443,2.5617665989998484,8.43191859126029,21.013705352448397,55.76,34.57,74.72,98.88,25808211.4
sh880638,TOPCon电池,2025-06-30,586.99,596.84,597.1800000000001,586.99,1.678052437009152,2.5075570211596565,17969835.0,3.0900768632869724,5.398484821728156,7.937426530427705,-2.37024193152634,55.39,75.46,69.14,0.37,15421698.6
sh880969,无线耳机,2025-06-30,2326.87,2344.73,2344.9900000000002,2325.33,0.7675546979418759,1.5905408098716656,27996660.0,3.088618057753867,6.1088634862019875,9.530482877176262,3.685343969859245,55.02,83.27,85.5,19.1,28440905.4
sh880542,水利建设,2025-06-30,1468.72,1479.04,1479.04,1466.52,0.7026526499264623,1.045267602169786,41789613.0,3.0417032423469603,3.8083072474346835,4.607115071787238,9.161494121380741,54.65,48.33,35.69,74.53,41983532.8
sh880614,绿色建筑,2025-06-30,1006.13,1015.49,1015.87,1001.96,0.9302972776877753,1.4536335844306247,13913523.0,3.014902056260582,3.1038053852089353,2.786550062755566,7.838119106278141,54.28,39.78,21.93,61.05,14052584.6
sh880965,超清视频,2025-06-30,1976.24,1995.14,1996.49,1975.57,0.9563615755171482,1.3018532622492973,27141233.0,2.991446373355222,5.159018795526182,6.354147787242659,2.3757722542640636,53.9,69.14,49.44,9.36,30226269.2
sh880521,黄金概念,2025-06-30,1238.76,1245.02,1245.32,1234.21,0.5053440537311498,0.7550437407440214,34270995.0,2.987840185292412,0.8987543863914427,4.684228670405544,10.075504394108181,53.53,15.24,36.43,80.52,29573665.8
sh880675,减速器,2025-06-30,1676.0900000000001,1708.53,1708.53,1675.03,1.9354569265373471,1.9926573739665,26384932.0,2.9842919313811667,5.280249439254625,4.9530069414583044,6.780455488612791,53.16,73.23,38.66,47.94,25193682.0
sh880535,稀土永磁,2025-06-30,922.9,938.6,940.9200000000001,916.94,1.7011593888828742,2.142756091456177,28261489.0,2.9268239190270995,1.8999022907393304,13.80142342713726,15.77934573444515,52.79,27.14,96.65,96.25,27613147.2
sh880604,PVDF概念,2025-06-30,1066.33,1074.69,1074.9,1063.25,0.7839974491949141,0.9847680439011075,4192449.0,2.925852854981126,3.148125041991001,8.297475689021017,11.730397355124445,52.42,40.89,72.49,87.27,4594384.4
sh880711,操作系统,2025-06-30,1423.01,1437.65,1440.17,1421.77,1.028805138403813,1.3121639429751308,21958153.0,2.922331278681023,5.0299532437171335,7.113054880865466,6.333486191032689,52.04,66.91,60.22,44.19,24203714.8
sh880759,换电概念,2025-06-30,974.51,980.4,980.45,972.35,0.6044063170208603,1.2443847782310113,15491379.0,2.91184682887915,5.370635082703679,7.707857268412721,8.258521880279579,51.67,74.72,67.66,67.04,17347298.4
sh880547,玻璃基板,2025-06-30,1278.42,1301.05,1301.82,1278.42,1.7701537835765928,2.2219254067899152,4019215.0,2.883961473374552,7.6350971243257515,13.262818838687206,4.93184934268891,51.3,93.31,96.28,29.59,4093513.0
sh880552,车联网,2025-06-30,1441.45,1457.81,1458.04,1441.09,1.1349682611259426,1.338848145702265,67260790.0,2.8713164728463303,4.9705496910957825,6.447561536607971,7.878047878047867,50.93,65.43,51.3,61.8,74309175.0
sh880529,次新股,2025-06-30,986.5600000000001,999.84,999.94,986.5600000000001,1.3460914693480346,1.6696833499420416,4460089.0,2.8673724497669584,3.7824372015777596,5.62322392537582,-1.3624031963695549,50.56,47.96,42.01,1.5,4348686.4
sh880933,智能医疗,2025-06-30,1636.69,1655.04,1655.29,1633.92,1.121165278702742,1.3012767936931624,46716877.0,2.860126039452582,3.0927064451628405,4.8502356697582405,5.639952000408499,50.19,39.41,37.92,36.7,49083957.8
sh880513,海峡西岸,2025-06-30,1754.8500000000001,1770.88,1770.92,1754.1200000000001,0.9134683876114751,1.1324633791153893,36509939.0,2.8075145716740746,3.3052933695791653,6.350216798587516,11.662631154156578,49.81,43.49,49.07,86.52,37385958.2
sh880718,小红书概念,2025-06-30,1141.3700000000001,1156.6200000000001,1157.45,1140.2,1.3361136178452209,1.4285338454657959,17315256.0,2.800615050972799,1.053680016775016,4.422014372900951,7.451621594002278,49.44,17.1,34.94,55.06,17474853.8
sh880658,高压快充,2025-06-30,1231.3500000000001,1243.2,1243.2,1229.94,0.9623583871360628,1.2897496272517683,19169559.0,2.7760784378564995,6.00815184951482,9.157000992176734,7.7595173705013565,49.07,82.16,82.9,59.55,21283443.2
sh880617,IP经济,2025-06-30,1128.39,1148.34,1148.83,1128.39,1.7680057426953284,1.9251764079350142,54314071.0,2.7698475912617537,0.42501836499106993,4.155933679207635,12.224774004397743,48.7,13.01,32.34,90.64,50684477.6
sh880574,苹果概念,2025-06-30,4497.8,4539.84,4540.51,4492.1,0.9346791764862814,1.3732767052077266,39522007.0,2.7678112627530727,5.532025681914354,10.377826404084622,4.402298771275026,48.33,76.58,88.1,25.09,40942870.8
sh880767,电子纸,2025-06-30,1075.3700000000001,1085.43,1087.1,1075.3700000000001,0.9354919702055984,1.3009920764542882,9184498.0,2.7489847499502895,7.242152687895831,9.087345855820562,7.698642641689157,47.96,90.71,82.16,58.05,9484998.6
sh880951,新能源车,2025-06-30,1413.54,1424.72,1425.24,1413.27,0.7909220821483697,1.0669088019976236,216589017.0,2.7380566071750545,4.476889570057274,5.86102359864471,1.6132943441979908,47.58,57.25,45.35,4.12,218003444.6
sh880597,养老概念,2025-06-30,1478.5,1492.19,1492.23,1476.38,0.9259384511329087,1.1592512999206939,42767352.0,2.7339447014760987,1.966639561025274,3.2900474852214368,6.33587024685025,47.21,28.25,26.39,44.57,45161004.6
sh880566,AI眼镜,2025-06-30,1730.55,1746.8500000000001,1746.8500000000001,1730.55,0.9418970847418556,1.3630350013926318,31355614.0,2.728085341613462,5.786350148367969,10.598626104023555,3.0346820809248554,46.84,79.55,90.71,12.73,35282609.6
sh880590,网络游戏,2025-06-30,1347.96,1372.07,1374.02,1347.96,1.788628742692654,2.005813737370743,51203989.0,2.727531370728631,2.4697535474234478,5.730908530476997,7.42376198864747,46.47,32.71,43.87,53.93,46606767.6
sh880906,智能家居,2025-06-30,3002.25,3031.31,3031.31,3002.25,0.9679407111333148,1.3561815598094107,44334687.0,2.727368231988958,4.22316811530421,5.9579986437644505,3.472158220092214,46.1,52.42,46.1,16.85,45486448.6
sh880567,海南自贸,2025-06-30,3424.81,3458.58,3458.58,3421.5,0.9860401014946809,1.2367072267608803,20711169.0,2.712607357954866,2.580696826700901,4.398931433659836,5.40691277806391,45.72,34.94,34.57,34.46,24288745.8
sh880703,人形机器人,2025-06-30,1780.51,1802.8400000000001,1802.8400000000001,1777.3400000000001,1.2541350511932061,1.594779492150078,48565917.0,2.7066135712373374,5.440955427796079,5.672100206908293,3.2915279679613274,45.35,75.84,42.38,14.61,51557297.2
sh880575,地热能,2025-06-30,1942.5900000000001,1961.5900000000001,1962.02,1942.5900000000001,0.9780756618740959,1.697911698222776,8795742.0,2.6408598099543656,1.4260526057259248,6.373436872986793,5.534453817680984,44.98,21.93,50.19,34.83,9446315.6
sh880630,虚拟电厂,2025-06-30,1223.3,1237.69,1237.69,1222.8500000000001,1.1763263304177307,1.4932594220487427,21414499.0,2.6404610855413013,2.9983522793469053,6.522019777779686,4.860546292530854,44.61,37.55,51.67,28.84,22939566.2
sh880902,特斯拉概念,2025-06-30,4325.2,4379.08,4379.37,4319.29,1.2457227411449208,1.424409043955177,64607263.0,2.612721964204545,5.2089364697628815,6.738100345143594,3.997872107990519,44.24,72.12,53.9,21.35,66434724.8
sh880941,跨境电商,2025-06-30,1279.07,1292.53,1292.54,1277.47,1.052327081395079,1.2050362528775116,75636701.0,2.6061760736683315,1.9441903019213003,2.6599631465243467,12.732109371593037,43.87,27.88,20.82,92.51,73138272.2
sh880905,超导概念,2025-06-30,3085.84,3121.1800000000003,3122.6,3075.98,1.1452311202136256,1.5542996215929694,12584846.0,2.6032301223869903,0.3581947499067706,3.592848157773343,8.163611853299656,43.49,11.52,27.88,65.92,10686319.4
sh880696,小米汽车概念,2025-06-30,1355.29,1373.27,1373.4,1353.4,1.3266533361863526,1.119235385510331,25491534.0,2.601516679741489,5.2104561543294015,5.172585450284517,6.315756876649958,43.12,72.49,39.41,43.45,23617484.2
sh880746,国资云,2025-06-30,1666.8500000000001,1679.96,1682.08,1666.8500000000001,0.7865134835168072,0.951854433574506,15660689.0,2.597989520098687,3.7076362738440505,5.190129424508627,2.303715296596498,42.75,47.58,39.78,8.99,18428299.2
sh880717,C2M概念,2025-06-30,1791.1000000000001,1822.8400000000001,1823.76,1789.31,1.772095360393055,2.0815716229762637,7331935.0,2.5923299451817483,1.8454472821137546,0.37388838413039416,8.245941163196724,42.38,26.77,5.58,66.67,6810258.8
sh880686,华为汽车,2025-06-30,1422.06,1443.65,1443.68,1420.03,1.5182200469741183,1.6726530037326492,46812096.0,2.5807735214910643,4.8851722960455035,4.668445398257037,6.030671151784017,42.01,63.57,36.06,39.33,44257033.0
sh880977,BIPV概念,2025-06-30,1206.7,1219.25,1219.28,1205.58,1.0400265186044546,1.616868775263569,26006198.0,2.5639947172287236,3.622209190654657,4.8195049819891755,3.9703587478361557,41.64,46.47,37.55,20.6,24713049.8
sh880923,赛马概念,2025-06-30,848.27,854.6800000000001,855.3100000000001,848.12,0.7556556285145156,1.1575334359095857,7885301.0,2.5460130060230846,0.9007732719438,3.7976220837735886,8.499105023294785,41.26,15.61,28.62,71.16,7886016.0
sh880697,飞行汽车,2025-06-30,1561.29,1581.42,1581.5,1558.54,1.289318448206298,1.5338388345649934,18457864.0,2.516530532866579,4.687510343503609,3.944367396033943,2.1496763858565693,40.89,60.59,30.48,6.74,19568883.2
sh880520,智能电网,2025-06-30,2535.59,2565.07,2565.07,2535.59,1.1626485354493439,1.095267372934794,48298475.0,2.5138180059708137,3.8859998703991927,6.284494903455706,4.775423174955895,40.52,49.81,48.33,28.09,48017919.6
sh880795,口罩防护,2025-06-30,1685.68,1702.3,1702.3,1683.07,0.985952256656061,1.34125505277507,47234958.0,2.496944298934878,3.1778261317558343,4.171001260601903,7.854504444571164,40.15,41.64,32.71,61.42,50831676.6
sh880519,碳中和,2025-06-30,1517.73,1530.42,1530.51,1516.15,0.8361170959261566,1.3476196467713475,55848580.0,2.4830246293543468,2.676918122534433,5.394293742123435,7.9120863623863835,39.78,36.06,40.89,62.17,62954402.8
sh880651,旅游概念,2025-06-30,1175.29,1185.5,1185.57,1174.78,0.8687217622884595,0.9142292893867587,30579964.0,2.4765527077840632,2.1023348749881654,4.893867402826069,10.905297821185655,39.41,29.37,38.29,83.9,35413585.0
sh880593,婴童概念,2025-06-30,2583.38,2619.59,2619.59,2578.39,1.401652099187887,1.6463859442176876,36180063.0,2.476244870495914,-0.18251929979652415,1.6388926610666044,12.504079984882587,39.03,8.18,11.9,91.76,31629977.0
sh880940,PPP概念,2025-06-30,492.52000000000004,494.87,494.96000000000004,491.48,0.47713798424428766,0.8539170131246498,43466169.0,2.446951661318697,2.4066716331429427,2.99706537348845,5.942925649204689,38.66,31.6,24.54,38.2,48633426.6
sh880737,HJT电池,2025-06-30,883.83,893.73,894.19,883.83,1.1201249108991522,2.144073511091804,15867216.0,2.4438050916427034,5.859569326984571,7.398817535089419,-1.415240028238618,38.29,80.67,63.57,1.12,13649355.2
sh880730,储能,2025-06-30,1348.15,1360.21,1360.21,1347.21,0.8945592107703108,1.3055977597044688,133501928.0,2.426994382445513,4.71772920788649,6.981005938102158,5.951036368309959,37.92,61.34,57.62,38.58,141563626.8
sh880544,光伏,2025-06-30,2896.7000000000003,2929.65,2930.08,2896.7000000000003,1.1375012945765808,1.4924287302923611,127992342.0,2.422780428968485,3.474034803923298,4.8029076443716345,4.245393795768471,37.55,46.1,37.17,23.6,125958768.2
sh880724,地下管网,2025-06-30,1152.04,1156.07,1156.31,1146.22,0.34981424256101984,0.8294376221043898,19726656.0,2.4203765227021057,2.832160678864648,4.033295838020234,8.287825850747943,37.17,36.8,31.23,67.42,19731305.4
sh880919,粤港澳,2025-06-30,1783.89,1792.17,1792.93,1781.97,0.4641541799101947,0.7403035413153569,75972062.0,2.419663624466395,3.8258995556534003,6.365287372694262,7.432651152753311,36.8,49.07,49.81,54.31,77654018.8
sh880729,CXO概念,2025-06-30,700.37,721.86,722.03,697.39,3.0683781429815684,3.288118131868134,10504739.0,2.4176385460117356,1.4304181654676285,1.3990729034976779,3.5890076774054647,36.43,22.68,11.15,17.98,10103345.0
sh880975,有机硅概念,2025-06-30,1458.16,1474.16,1475.66,1452.07,1.097273275909365,1.4507115919288882,6055314.0,2.4170296727040297,5.6957668922794635,7.675227159844589,9.44836290741704,36.06,78.44,67.29,77.15,6789849.6
sh880642,供销社,2025-06-30,1066.89,1075.07,1075.34,1066.89,0.7667144691580047,0.8394927400292573,7808889.0,2.4149296955378485,-0.027897374857044355,1.51555211421881,8.312847586040117,35.69,8.92,11.52,68.16,7765143.2
sh880629,MicroLED,2025-06-30,1217.1000000000001,1234.66,1234.92,1217.1000000000001,1.4427738065894293,1.845268046424553,13876716.0,2.4138159859318664,8.323463094078743,11.584484129853223,6.3252986109316955,35.32,95.17,93.31,43.82,15170283.0
sh880596,体育概念,2025-06-30,1550.3700000000001,1569.74,1569.89,1549.67,1.249379180453691,1.579597885241335,25285957.0,2.4032878857068285,0.9505067654473454,4.210260767964313,11.56566051413992,34.94,15.99,33.46,85.39,24709872.4
sh880583,充电桩,2025-06-30,4068.6,4108.9,4108.9,4068.6,0.9905127070736797,1.313482738809979,65598944.0,2.3828449120044226,4.036217334389991,6.390856740409312,6.447359217415394,34.57,50.56,50.56,45.32,69788585.4
sh880558,节能环保,2025-06-30,2809.71,2836.2000000000003,2836.37,2809.42,0.9428019261774432,1.3830156103106006,64461130.0,2.3610680025119235,3.082441965697358,4.718653079308832,7.779242938411324,34.2,39.03,36.8,59.93,66780539.8
sh880540,创投概念,2025-06-30,1413.49,1420.57,1421.45,1411.81,0.5008878732781927,0.8512118587513662,121406610.0,2.3561284558351936,2.735872253641314,5.755401039262686,5.102841077241771,33.83,36.43,44.24,30.71,128452613.4
sh880649,POE胶膜,2025-06-30,756.77,765.59,766.13,756.77,1.1654796041069349,1.5317489788340133,3152414.0,2.3529726333239687,5.2082617598153025,6.78876304190148,4.57736859359632,33.46,71.38,55.39,26.59,3802472.8
sh880668,知识付费,2025-06-30,1191.58,1202.1000000000001,1205.4,1189.64,0.8828614108998313,1.0941139863257066,5811377.0,2.3429651449880184,2.433662252671409,4.29735287227675,2.285490623191877,33.09,32.34,33.83,8.61,5853979.6
sh880912,外骨骼机器人,2025-06-30,974.71,992.78,992.89,974.71,1.85388474520626,2.4339912710613865,6138347.0,2.315754758788424,4.374612319564308,3.1320445030801114,,32.71,55.39,25.65,,6041827.2
sh880655,钙钛矿电池,2025-06-30,709.53,720.67,720.89,709.53,1.5700534156413382,2.3025055007452444,17818618.0,2.3097671777399187,6.810232392696225,11.106485978138526,6.101026161977519,32.34,86.62,92.19,40.45,16440178.6
sh880909,燃料电池,2025-06-30,1877.47,1894.77,1894.8400000000001,1872.7,0.921452806170003,1.2904743321768608,41835228.0,2.2983479105928017,4.232518992425027,6.203722906355602,6.7229541345379396,31.97,52.79,47.58,47.19,45326228.6
sh880743,物业管理概念,2025-06-30,1116.16,1122.95,1124.02,1114.8700000000001,0.6083357224770609,0.37811069794051466,66318656.0,2.2909455274184864,1.662155188803105,2.4355758266818794,6.125901354275931,31.6,25.65,17.47,41.57,64930164.8
sh880610,中俄贸易,2025-06-30,1304.16,1321.0,1321.02,1302.73,1.2912526070420745,0.9182722425094436,37570274.0,2.260411828456421,2.5875994035785332,4.970400095355387,11.703971790730527,31.23,35.32,39.03,86.89,38644803.8
sh880605,装配式建筑,2025-06-30,1117.95,1124.96,1125.14,1115.19,0.6270405653204518,1.0246508912936214,15279580.0,2.254217568353689,1.9927831873651325,2.487108940837768,8.159870780413247,30.86,28.62,18.96,65.54,16384093.6
sh880734,工业气体,2025-06-30,905.3100000000001,916.58,916.7,905.3100000000001,1.2448774452949796,1.6885595100736728,4964753.0,2.2432429417604594,2.275187181289673,3.0166115943983662,1.8139405720633217,30.48,30.86,24.91,4.49,4794952.2
sh880572,新零售,2025-06-30,1258.73,1270.39,1270.39,1256.6200000000001,0.9263305077339924,0.9680419007955798,69671086.0,2.2158748038781706,0.8302048526505512,0.5620245549319725,11.825183750715219,30.11,14.87,6.32,88.01,70364327.6
sh880598,博彩概念,2025-06-30,2461.9700000000003,2492.52,2492.65,2456.52,1.240876208889618,1.5374086476181104,7819771.0,2.2119430160175257,3.118561605864789,8.524728635930213,16.737465751820714,29.74,40.15,76.95,97.0,8651781.8
sh880525,高铁,2025-06-30,1280.47,1289.4,1291.14,1279.89,0.6974001733738443,0.916497742018807,34526125.0,2.190590920618818,2.1452563533810975,2.504988512509043,1.9135465819363207,29.37,30.11,19.33,5.24,33877662.8
sh880639,光热发电,2025-06-30,871.5,878.32,878.73,871.1700000000001,0.7825588066551978,1.1866086034884038,7986659.0,2.1730026522730483,2.5152608051169034,2.6530469133493995,2.4518838212994165,29.0,33.09,20.45,10.11,7552362.6
sh880631,一体压铸,2025-06-30,1046.28,1059.3700000000001,1059.45,1044.89,1.2510991321634883,1.4353013271031667,12029772.0,2.118778858481374,4.364231038253519,5.995297413577472,3.8099344432576565,28.62,55.02,46.47,19.48,13994530.0
sh880563,食品安全,2025-06-30,2834.43,2865.59,2866.13,2829.79,1.0993391969461341,1.4350188492239013,11494642.0,2.1163851471741157,2.085099712866856,3.7809784911577937,7.438943003471854,28.25,29.0,28.25,54.68,12243890.2
sh880636,热泵概念,2025-06-30,1256.28,1268.58,1268.79,1256.28,0.9790810965708244,1.4685415366895382,7922848.0,2.112143213613016,3.254950797255396,2.9959080280592243,2.1902866947534516,27.88,42.38,24.16,7.49,7491686.4
sh880742,固态电池,2025-06-30,927.65,935.34,935.34,921.26,0.8289764458578187,1.0784991786980225,61911632.0,2.1046656332554647,9.185781824549121,15.486905952513252,14.678404158799442,27.51,97.77,97.77,95.13,71071710.4
sh880926,垃圾分类,2025-06-30,1212.32,1219.1200000000001,1219.2,1210.43,0.5609080110861969,0.8912980510613622,19399356.0,2.092736971686504,2.430704341323664,3.447632139432666,8.426941309355463,27.14,31.97,27.14,69.29,21264140.8
sh880534,锂电池概念,2025-06-30,2389.14,2407.69,2407.79,2379.23,0.7764300124731152,1.0946330648886171,120417712.0,2.0713658890212594,6.187262944341532,9.730242139468315,9.369861271361213,26.77,83.64,86.25,76.78,132486515.6
sh880706,分散染料,2025-06-30,746.5600000000001,753.33,753.58,743.32,0.9068259751393032,1.3398442229307195,4206272.0,2.070320438994644,3.2043729621612727,8.732300853023101,11.86131115895761,26.39,42.01,78.81,88.39,4808454.6
sh880650,血氧仪,2025-06-30,1272.41,1281.83,1281.97,1268.28,0.7403274101900995,1.237600303279196,4595572.0,2.0516535834275373,1.354471416146108,3.811236100650328,2.273942217931424,26.02,21.19,29.37,8.24,5099321.8
sh880705,氢能源,2025-06-30,1377.97,1391.81,1391.96,1375.68,1.0043760023803072,1.2372708757637518,86749854.0,2.0403524978372056,3.1382923539786223,6.28641684930773,8.769996639548605,25.65,40.52,48.7,73.03,95606388.6
sh880634,含GDR,2025-06-30,827.0,829.64,830.21,823.8100000000001,0.31922611850060295,0.619747007386029,9813531.0,2.0228974778341957,4.9712152843676805,8.45250856231534,7.821069321342233,25.28,65.8,75.46,60.67,11488753.4
sh880903,水产品,2025-06-30,561.03,557.99,561.03,554.13,-0.5418605065682697,0.7002219775856799,2716696.0,1.9979526925748559,0.10046104443606207,2.248405775855744,10.126707191915996,24.91,9.67,16.73,81.27,2894518.0
sh880976,新冠检测,2025-06-30,631.4,640.15,640.23,629.51,1.385809312638581,1.569193666106039,16093126.0,1.9590666560484138,1.6046600215859241,2.532274081429975,3.361697318069523,24.54,24.91,20.07,16.48,16571548.2
sh880524,含可转债,2025-06-30,1411.46,1424.72,1425.98,1411.46,0.9394527652218263,1.0841185151549526,81197309.0,1.883608175174123,3.3664170874688093,3.8713346262084114,2.612265475890374,24.16,43.87,29.74,11.24,83132551.6
sh880692,短剧游戏,2025-06-30,1127.4,1143.65,1145.49,1126.24,1.4413695227958132,1.4719713236207577,22481436.0,1.8732963959309457,1.450368136254787,7.027214194804232,7.133489461358322,23.79,23.05,57.99,51.69,22535953.6
sh880955,乡村振兴,2025-06-30,1485.79,1493.8,1493.82,1483.5,0.5391071416552804,0.5919152059582045,76807500.0,1.8726898263704106,1.5706806282722363,3.299241402678943,10.272840016535746,23.42,23.79,26.77,82.02,84980144.4
sh880714,氟概念,2025-06-30,2594.43,2628.82,2629.25,2590.07,1.325532005103253,1.5070720019769945,7394025.0,1.859479314794088,1.4303077071476933,5.809666409067504,8.494428394552212,23.05,22.3,44.61,70.41,7398154.0
sh880695,PEEK材料,2025-06-30,1409.45,1423.18,1423.18,1404.67,0.9741388484869997,1.4144926710039751,3824741.0,1.8565171337780129,3.8756860913231383,2.070558197244532,12.452788444823737,22.68,49.44,15.99,91.39,4319000.0
sh880913,基因概念,2025-06-30,2600.37,2623.9700000000003,2624.42,2588.39,0.9075631544741849,1.2365350782431728,18092899.0,1.8443982999864161,1.0583518519231783,2.068227789015098,3.5337613093382902,22.3,17.47,15.61,17.6,18854854.2
sh880899,钴金属,2025-06-30,839.66,844.2,844.38,834.0600000000001,0.5406950432317935,0.8240773916158961,13242448.0,1.833534378769608,3.2635287210099007,9.657725530947591,5.070569785676948,21.93,42.75,85.87,30.34,14905488.8
sh880587,聚氨酯,2025-06-30,4326.56,4370.24,4370.24,4326.56,1.0095780481490926,1.1866200199583732,5937959.0,1.8328913826609172,1.9003250371904201,1.7288295774877227,4.724066042031083,21.56,27.51,12.64,27.72,6285532.2
sh880920,免疫治疗,2025-06-30,947.86,969.97,970.4200000000001,942.0600000000001,2.3326229611968023,2.408252037670522,8731684.0,1.7849647414372116,0.6412185227072431,1.281194528557994,10.589563214721398,21.19,14.13,10.04,83.15,8287771.2
sh880757,冷链物流,2025-06-30,1177.57,1182.48,1182.91,1176.96,0.4169603505524157,0.5997805058574279,29619266.0,1.7458419019265259,1.7012126945901818,0.6588691965881743,6.5844622914469575,20.82,26.02,7.06,46.07,32402637.8
sh880973,医美概念,2025-06-30,1040.99,1053.85,1053.98,1038.84,1.235362491474452,1.4331639331639279,16094998.0,1.7298466112575017,0.0873752291225216,-0.011385523307128054,9.348897535667945,20.45,9.29,3.35,75.66,15545108.4
sh880755,钠电池,2025-06-30,817.98,821.8000000000001,821.95,811.46,0.46700408322942494,1.0140741195992842,32951616.0,1.7230281725008734,8.358275866615706,14.14998680427264,11.958802212473785,20.07,95.91,97.4,89.14,36364991.8
sh880599,民营医院,2025-06-30,1907.1100000000001,1923.01,1923.8700000000001,1903.19,0.8337222289222889,1.1136642076315928,21296070.0,1.7045875247252429,0.5222109544071651,1.3315838839883298,4.344122195393263,19.7,13.38,10.41,24.34,21116576.8
sh880911,雄安新区,2025-06-30,1448.39,1455.99,1456.89,1446.8600000000001,0.5247205517850793,0.7194294371156484,59891187.0,1.6987154861106246,1.138510697415951,2.1912308653326606,1.001699559501934,19.33,18.22,16.36,3.0,67041185.2
sh880707,宠物经济,2025-06-30,1257.52,1271.99,1272.0,1254.16,1.150677524015525,1.2827658693505661,11921133.0,1.6169362891951256,1.0301663198360567,1.7478042459244447,17.901303227480845,18.96,16.73,13.38,97.75,12469184.8
sh880971,降解塑料,2025-06-30,1067.19,1078.35,1078.47,1065.57,1.0457369353160968,1.1357668067226712,11429659.0,1.6113074204946898,1.3125011743925885,2.912686218184235,7.305981511150006,18.59,20.45,23.79,52.81,11625651.8
sh880753,绿色电力,2025-06-30,985.37,992.47,992.73,985.37,0.7205415224737939,0.7788383428107171,79606198.0,1.5979771922281616,1.2910534587985634,2.7008288750685505,4.241195685281851,18.22,20.07,21.19,23.22,82070099.0
sh880530,合成生物,2025-06-30,1164.98,1179.33,1179.38,1160.44,1.2317808031039081,1.3361631923559436,20458369.0,1.597188121882498,1.0002997473557818,0.8353568863504135,8.911832882354576,17.84,16.36,8.55,73.41,21330755.8
sh880602,免税概念,2025-06-30,1135.34,1142.74,1143.31,1133.41,0.6517871298465738,0.7129951967566939,15035397.0,1.5732773945815293,1.3273983170327242,0.8080594223610182,5.311952815408727,17.47,20.82,8.18,32.96,16386411.2
sh880585,风沙治理,2025-06-30,908.16,918.8100000000001,920.4200000000001,907.54,1.172700845665972,1.3043286511279284,1704753.0,1.523723232635743,1.3825749216577643,2.0242510382198153,11.908067816427948,17.1,21.56,14.87,88.76,2172867.4
sh880628,钒电池,2025-06-30,1049.07,1054.21,1055.23,1046.96,0.4899577721219843,0.9315640318627416,13131616.0,1.5186240899811132,1.6566540987242417,2.5087270641086734,-0.9982720408699741,16.73,25.28,19.7,1.87,11982646.6
sh880568,生物质能,2025-06-30,1485.14,1495.01,1495.53,1483.47,0.6645838102805048,0.9957642862450822,13475561.0,1.4962965980298337,0.39418724901620905,1.13240477044112,2.474450103159209,16.36,12.27,9.29,10.49,12617589.2
sh880633,汽车热管理,2025-06-30,1439.19,1457.18,1457.18,1436.83,1.2500086854411168,1.3478926137153957,21240192.0,1.493306587543719,4.36084194544113,3.9476687781772712,4.296603800594068,15.99,54.65,30.86,23.97,23350956.0
sh880606,辅助生殖,2025-06-30,918.95,928.2,928.26,914.1800000000001,1.0065836008487947,1.1011992288337824,10441583.0,1.486988847583648,0.6135235328549538,1.912646303168719,4.0746305473953415,15.61,13.75,14.13,22.1,10867955.4
sh880704,工业大麻,2025-06-30,820.0,827.25,827.25,817.8000000000001,0.8841463414634145,1.05668214023944,16167016.0,1.4781648675171732,0.21927699166504055,1.7239895232590952,6.046815711209108,15.24,10.04,12.27,39.7,15948943.6
sh880564,白酒概念,2025-06-30,7037.78,7106.650000000001,7142.5,7026.89,0.9785756303834561,1.1015446948594576,8862680.0,1.4359018277060542,2.193522966993622,0.7709563431968158,1.9235485541116537,14.87,30.48,7.81,5.62,9522840.4
sh880627,超临界发电,2025-06-30,1224.46,1230.98,1231.38,1223.6000000000001,0.5324796236708411,0.8619700768562666,30472738.0,1.3995172942116607,0.6870716026763146,2.486866315324976,4.858851389338459,14.5,14.5,18.59,28.46,30643238.6
sh880744,汽车拆解,2025-06-30,1097.02,1098.21,1098.46,1091.19,0.10847568868389405,0.5198941905485421,11979530.0,1.3062128130621353,1.167161044272902,1.0034029246758003,5.266134365983888,14.13,18.59,8.92,32.58,10899290.8
sh880632,动力电池回收,2025-06-30,815.47,817.91,818.13,810.24,0.2992139502372792,0.652219391836173,21383299.0,1.295436249922588,5.151445027254953,8.369769722023479,6.137994575725725,13.75,68.77,73.61,42.32,28542105.4
sh880727,盐湖提锂,2025-06-30,917.21,916.85,917.91,911.14,-0.03924946304554176,0.0010907028489048898,9604717.0,1.1864032667475932,3.366441560784228,8.88437603914305,11.648948477209897,13.38,44.24,80.3,86.14,10229458.8
sh880796,医废处理,2025-06-30,939.41,942.9,943.08,936.27,0.3715097774134839,0.8459983529235604,6497791.0,1.1814699159772069,1.6045085721059005,1.9285235552288338,8.524009023525615,13.01,24.54,14.5,71.91,6952424.4
sh880760,预制菜,2025-06-30,1064.81,1065.94,1066.15,1059.88,0.10612221898743525,0.2416844560218845,18528645.0,1.1539410503141223,0.3502099376776924,-2.01586586632595,4.217833398513893,12.64,11.15,0.74,22.85,19606344.8
sh880968,胎压监测,2025-06-30,2118.38,2136.04,2136.09,2113.58,0.8336559068722256,1.1349055665768493,3883067.0,1.117670171319296,4.454387637839541,2.7713092511691517,2.7421441730037355,12.27,56.88,21.56,11.61,4461741.6
sh880557,生物疫苗,2025-06-30,2889.53,2916.09,2916.38,2878.23,0.9191806279914014,1.0744898772655276,11059950.0,1.0899069211169454,0.22512149686892968,-0.1998678955347888,5.992999443881053,11.9,10.41,2.6,38.95,11466731.2
sh880953,租购同权,2025-06-30,672.11,671.0600000000001,673.37,669.22,-0.15622442754905513,0.158208955223893,5814724.0,1.0647750719137372,-0.2897430944562407,1.272203190317378,4.655261146894163,11.52,6.32,9.67,27.34,6797072.6
sh880715,磷概念,2025-06-30,1992.5,2000.07,2000.49,1985.53,0.37992471769133934,0.3315842805975411,12105691.0,1.0631470973153423,2.5261560701049346,6.652198024870426,7.948510362694305,11.15,33.83,53.16,62.55,13934410.8
sh880502,含B股,2025-06-30,1273.51,1278.23,1279.0,1272.1000000000001,0.3706292058955193,0.4747718501167286,18561729.0,1.0578329446179202,1.2274991486699527,0.32808759467839455,-3.120357738365931,10.78,19.33,5.2,0.0,21298312.2
sh880671,中特估,2025-06-30,1065.42,1068.19,1069.1200000000001,1062.64,0.25999136490773417,0.34569896008491696,59301276.0,1.0213828388768498,1.109354737948065,2.8500178126113385,3.3075755084672087,10.41,17.84,22.68,15.36,70901693.8
sh880515,通达信88,2025-06-30,2333.54,2347.17,2350.43,2331.02,0.5840911233576501,0.5311015646080719,46147807.0,1.0165479546383693,2.1227995370652453,2.790514353281215,1.5216328790349287,10.04,29.74,22.3,3.75,53725546.2
sh880764,鸡肉,2025-06-30,865.77,868.52,868.95,862.48,0.31763632373494116,0.455712600337721,2498341.0,0.9460935865547748,-1.1416538614763105,-2.119842674089689,3.133720446961874,9.67,2.23,0.37,13.86,2288294.6
sh880681,减肥药,2025-06-30,1088.3600000000001,1107.01,1107.03,1081.96,1.7135874159285402,1.7107838183004098,6668858.0,0.945615698861979,-0.3528575157750735,1.7416318952999,11.768388106416271,9.29,5.95,13.01,87.64,6689931.0
sh880709,人造肉,2025-06-30,1091.7,1098.54,1098.69,1089.3700000000001,0.6265457543281047,0.7844108661547278,2697578.0,0.9010498470695127,0.3847102793490098,0.18604651162790198,6.4239559013010705,8.92,11.9,4.46,44.94,2543876.8
sh880719,地摊经济,2025-06-30,2029.68,2039.8600000000001,2040.64,2022.99,0.5015568956682858,0.4708663744274366,6639433.0,0.8812882039920256,1.222193000302707,-2.2774743700296973,2.8295181299874628,8.55,18.96,0.0,11.99,7618250.0
sh880594,一带一路,2025-06-30,2391.37,2396.6,2399.39,2384.05,0.21870308651526188,0.3378647117683098,181979348.0,0.8737962152333356,0.41942688103109305,3.11593766403635,1.9387329754744664,8.18,12.64,25.28,5.99,196925970.6
sh880618,化肥概念,2025-06-30,881.75,883.64,883.96,877.97,0.21434647008789187,0.26551685010778314,11410644.0,0.8502722012348807,-0.47305820868625004,3.7976765220659736,3.6005299379784805,7.81,5.58,29.0,18.35,13539975.4
sh880750,天然气,2025-06-30,1146.82,1157.7,1157.83,1146.24,0.9487103468722301,0.9680795395081043,35422208.0,0.823869574305025,-0.7263092002023797,5.59584074428785,7.781253491230022,7.43,4.46,41.64,60.3,41330746.4
sh880741,代糖概念,2025-06-30,1018.12,1024.73,1025.6200000000001,1015.07,0.649235846462108,0.7709781785640635,2796273.0,0.7997245721030888,-0.09262148038374773,-1.0458109621847012,9.67186095295176,7.06,8.55,1.86,78.65,3138411.2
sh880766,幽门螺杆菌,2025-06-30,893.94,903.6800000000001,903.69,890.0,1.0895585833501138,1.1280214861235427,10003384.0,0.7345974205486661,-0.7435883354385164,1.8586773971753567,8.076302098905707,6.69,4.09,13.75,63.67,10917740.0
sh880929,维生素,2025-06-30,1706.91,1718.77,1719.05,1697.58,0.6948228084667557,0.8809926280696878,12077957.0,0.7284597442479113,-0.2437651264966867,-0.04187288091236363,8.125263429394614,6.32,7.06,2.97,65.17,13029543.0
sh880626,粮食概念,2025-06-30,848.08,850.6800000000001,850.9,845.07,0.30657485142911317,0.37285255805172834,6889125.0,0.682912972979377,-0.8693220220476805,0.6412228190142866,8.107970719804802,5.95,3.72,6.69,64.04,7431465.6
sh880768,新冠药概念,2025-06-30,960.5600000000001,971.5,971.62,956.1800000000001,1.1389189639376966,1.1989708226127327,16174813.0,0.5693581780538359,-0.2802213029777345,0.6986193457440226,10.416548275274184,5.58,6.69,7.43,82.77,15621727.4
sh880586,土地流转,2025-06-30,1151.58,1154.6200000000001,1155.76,1148.28,0.26398513346881597,0.3851537572053365,8659961.0,0.5652669993815973,-0.5606607356626769,0.21003298038535512,5.891524055833752,5.2,5.2,4.83,37.83,10933520.6
sh880652,创新药,2025-06-30,1035.05,1047.81,1047.89,1028.58,1.2327906864402678,1.223011157803211,30516145.0,0.5479320602629345,-0.6796337371324679,0.086923297354069,10.095300137644081,4.83,4.83,4.09,80.9,31222114.8
sh880623,肝炎概念,2025-06-30,1147.75,1157.51,1157.53,1141.73,0.850359398823785,0.9840956876019602,17158543.0,0.3815767793185376,-0.9684898573787404,-0.8769000214086886,3.3546439987856447,4.46,3.35,2.23,16.1,17632429.6
sh880936,猪肉,2025-06-30,1966.67,1970.22,1970.93,1958.82,0.18050816863022034,0.3115930960745361,4291966.0,0.26564885496183077,-0.9899895473184928,-1.5544662799238607,1.853843131578392,4.09,2.97,1.12,4.87,4239149.2
sh880553,页岩气,2025-06-30,1600.91,1620.08,1621.6200000000001,1596.31,1.1974439537512942,1.1323769928961003,19912380.0,0.2196061935132665,-1.0783152392931816,9.778624040331474,11.628804321612884,3.72,2.6,86.62,85.77,25081577.2
sh880710,种业,2025-06-30,1610.33,1619.65,1620.15,1604.32,0.5787633590630593,0.605627678737819,2178227.0,0.17317623774624202,-2.041840801737016,1.3351602630278236,13.781015539382357,3.35,1.12,10.78,94.01,2468130.0
sh880960,仿制药,2025-06-30,1144.8600000000001,1153.89,1154.06,1139.73,0.7887427283685318,0.8556944323048654,10430522.0,0.12668882274846638,-1.6744209826678125,-1.3094423537461486,4.356437434431859,2.97,1.49,1.49,24.72,10726798.4
sh880728,航运概念,2025-06-30,1489.1100000000001,1499.33,1499.92,1485.42,0.6863159874018574,0.19178594817101935,30381424.0,0.12354088201511626,-0.20500396030378454,2.026470688305948,9.705200155119286,2.6,7.43,15.24,79.03,35352542.6
sh880549,可燃冰,2025-06-30,1573.96,1597.83,1603.57,1567.8400000000001,1.5165569645988393,1.532683912537891,12181039.0,0.0977278279990168,-3.5336521046149483,10.274265680212014,8.504006519081875,2.23,0.74,87.73,71.54,14909585.4
sh880745,NMN概念,2025-06-30,1478.71,1484.67,1484.8,1470.01,0.40305401329537477,0.5996666260113193,5361793.0,-0.030973719472371375,-1.4582116497637188,0.028297119757447753,7.727638825398908,1.86,1.86,3.72,58.43,6442018.0
sh880501,含H股,2025-06-30,2023.3,2029.5800000000002,2032.1200000000001,2013.21,0.3103840260959917,0.18065866371821393,77424939.0,-0.17853541936149186,1.52570182283851,3.274425894170152,5.5824624012235535,1.49,23.42,26.02,36.33,94824976.2
sh880910,草甘膦,2025-06-30,1619.07,1625.99,1627.1200000000001,1613.57,0.4274058564484595,0.5043793229202231,2049880.0,-0.4676701578692932,-3.8638003003535704,0.39702141322335294,6.625091805686711,1.12,0.37,5.95,46.82,2473283.0
sh880761,锂矿,2025-06-30,692.39,690.1,692.49,685.33,-0.33073845665014856,-0.024628044098684576,12570262.0,-1.2082343172903354,3.0046121468125353,8.086519335285924,5.540856745224598,0.74,37.92,70.63,35.21,16315087.2
sh880612,镍金属,2025-06-30,848.6800000000001,853.59,853.65,842.53,0.5785455059621963,-0.6679622496596149,22163996.0,-1.313370715070239,1.2466195378848965,7.241660908348502,0.8459057453067631,0.37,19.7,62.08,2.62,21303588.0
sh880797,虫害防治,2025-06-30,1313.78,1319.99,1319.99,1307.3700000000001,0.47268187976678255,0.5836946499737206,4489405.0,-1.3836280640413534,-5.270447744056039,3.5107667696554268,20.75324984219624,0.0,0.0,27.51,98.5,6136856.4
